0,504
61,3
61,2
61,1
61,0
0,503
0,472
60,3
60,2
60,1
60,0
59,3
59,2
59,1
59,0
17,2
17,1
17,3
15,2
15,1
15,3
16,2
16,1
16,3
13,2
14,2
4,25
4,26
4,4
4,19
4,66
4,68
4,72
4,31
4,11
4,13
4,1
4,81
4,2
4,3
6,5
6,1
6,4
6,2
6,3
7,7
7,8
7,4
7,6
7,11
7,1
7,9
7,2
7,3
5,4
5,2
5,1
5,3
58,3
58,2
58,1
58,0
57,3
57,2
57,1
57,0
56,35
10,20
10,96
10,214
10,190
10,88
10,278
10,24
10,100
10,2
10,3
11,16
11,12
11,6
9,7
9,4
9,1
9,6
9,2
9,3
8,17
8,9
8,6
8,8
8,4
8,2
8,3
55,3
55,2
55,1
55,0
54,3
54,2
54,1
54,0
51,4
51,3
51,2
51,1
51,0
50,3
50,2
50,1
50,0
48,3
48,2
48,1
48,0
46,4
46,3
46,2
46,1
46,0
45,4
45,3
45,2
